7
2 35
 6.7215017341077e+00	 3.1550634130836e+00	 6.2647937871516e+00	 6.3875202648342e+00	 7.2931788600981e+00	 1.5804109536111e+00	 2.6817820444703e+00	 6.1458367556334e+00	 2.2221976853907e+00	 4.4317596442997e+00	 3.8191764131188e+00	 5.0309673957527e+00	 2.9182757809758e+00	 4.1072072796524e+00	 7.6178377978504e+00	 7.3295605406165e+00	 5.0856938213110e+00	 5.7383754327893e+00	 1.1328204423189e+00	 4.8557510077953e+00	 1.3040457293391e-01	 1.9430941641331e+00	 1.0978526137769e+00	 6.4334140308201e+00	 1.2534327134490e+00	 3.2075551524758e+00	 1.0383235737681e+00	 8.7047041580081e-01	 7.9913961403072e+00	 1.7460552416742e+00	 4.1034591533244e+00	 6.7128978744149e+00	 4.9011186584830e+00	 2.3682529404759e+00	 5.1004181392491e+00	
 4.1942975185812e+00	 3.9486638940871e+00	 7.7822001874447e+00	 2.3401342742145e+00	 6.1708615794778e+00	 4.2139598317444e+00	 6.1593106873333e+00	 3.2018289752305e+00	 7.1322356127203e+00	 2.2665179669857e+00	 2.8196667768061e+00	 6.4617961570621e+00	 7.3522117882967e+00	 5.5804220959544e-01	 7.5946165993810e+00	 4.2079627998173e+00	 6.8844678252935e-01	 1.5377107672393e+00	 5.3058154135942e+00	 7.1218608170748e+00	 2.7911434806883e+00	 5.1337056607008e-01	 1.6018439084291e-01	 3.6616138964891e+00	 5.0476670637727e-01	 1.9062396325171e+00	 7.7650730498135e+00	 7.2176645845175e+00	 6.8073582910001e+00	 2.1333259940147e+00	 4.3180827237666e+00	 3.0016558095813e+00	 6.0819898881018e+00	 4.1002829112113e+00	 5.3417900837958e+00	
35 15
 4.2528514713049e+00	 3.1424274668097e-01	 3.5011007711291e+00	 7.4546804465353e+00	 7.4464783594012e+00	 5.7676187418401e+00	 2.2743472233415e+00	 5.9082745164633e+00	 5.1198305301368e+00	 2.8323894366622e+00	 5.5028911195695e+00	 1.3277933299541e+00	 3.5208362191916e+00	 7.0406018868089e+00	 6.6336087435484e+00	
 2.6426970362663e+00	 1.8317453674972e+00	 7.1469793133438e+00	 2.8028814271092e+00	 5.4933592639863e+00	 7.6517460197210e+00	 4.7091210633516e+00	 5.2584323137999e+00	 6.8694106042385e+00	 3.5164793543518e+00	 7.3917583078146e+00	 3.1874933317304e+00	 6.5181351676583e+00	 5.4737481996417e+00	 7.2877762429416e+00	
 3.8599252514541e+00	 1.7265996709466e+00	 7.6020189896226e+00	 7.3610260263085e+00	 1.1812801174819e+00	 7.0484973527491e+00	 5.1286447681487e+00	 3.4556273445487e+00	 4.9567718692124e+00	 2.2484752982855e+00	 6.2880167812109e+00	 2.4596629887819e+00	 3.5762686319649e+00	 1.8088530004025e+00	 1.5002648755908e+00	
 2.2098773755133e+00	 4.4515500403941e+00	 3.3320102430880e+00	 1.3568566888571e+00	 7.2544314675033e+00	 8.2536950707436e-01	 1.0086027123034e+00	 3.9635525308549e+00	 6.0838018245995e+00	 7.8780133165419e+00	 7.4800318889320e+00	 5.4755601324141e+00	 3.0655066482723e+00	 5.9981670565903e+00	 2.9493083320558e+00	
 2.3532828949392e+00	 1.8580923080444e+00	 4.6759080030024e+00	 1.9553018845618e+00	 1.2191183343530e+00	 5.8571881242096e+00	 1.0037992373109e+00	 6.3477631025016e+00	 1.3128154687583e+00	 5.9605711102486e+00	 5.9623840451241e-01	 7.6008322499692e+00	 4.2023409903049e-01	 4.1725070364773e+00	 1.4096852503717e+00	
 1.9204989783466e+00	 6.3823844119906e+00	 5.8612352907658e+00	 5.2525092214346e+00	 7.7392411045730e+00	 5.1156667619944e+00	 6.0778787322342e+00	 7.4784381687641e-01	 1.0792192928493e+00	 4.1616805568337e+00	 6.2585713341832e-01	 5.5925118178129e-01	 1.6372406892478e+00	 3.6913637854159e+00	 6.5574182383716e+00	
 4.5865490250289e+00	 6.0446466803551e+00	 4.1551055014133e-01	 1.2624570280313e+00	 7.9999485649168e+00	 1.6346288844943e+00	 7.1196451522410e+00	 1.0037478059530e+00	 7.9823919907212e+00	 4.3246062099934e-01	 6.9643189162016e+00	 5.7863039523363e-01	 3.3292870968580e-02	 7.3845530152321e+00	 4.7511374317110e+00	
 1.4429781250656e+00	 1.3050519935787e+00	 3.1335218437016e+00	 7.3042134158313e+00	 6.5575612187386e+00	 2.8727629482746e+00	 4.4198801778257e+00	 4.6354399509728e+00	 3.6206067651510e+00	 5.4990994744003e+00	 7.9712050780654e-01	 4.2464639022946e+00	 6.0583506561816e+00	 2.4343611970544e+00	 7.9378276877105e+00	
 4.6157688982785e+00	 7.0209102220833e+00	 5.9824743680656e+00	 5.0312794484198e+00	 2.8336725383997e-01	 5.9824229329824e+00	 6.6659083329141e+00	 7.4030124060810e+00	 6.9861707389355e+00	 6.6483003236353e+00	 7.8354730308056e+00	 5.9504896551371e+00	 7.2269307188690e+00	 7.8687659017742e+00	 5.3350426740944e+00	
 3.9780681505799e+00	 1.3117440268397e+00	 6.6400946676731e+00	 7.1115899980068e+00	 6.1595744639635e-01	 5.1976558864117e+00	 1.9843529462814e+00	 5.0358376242220e+00	 1.8330958373845e+00	 5.6049597151577e+00	 2.5349370986223e+00	 2.6302163451910e+00	 1.8514236174524e+00	 5.9328775852919e-01	 5.0645775459707e+00	
 1.7892513051629e+00	 5.2090566568077e+00	 4.0854877680540e+00	 7.7717256732285e+00	 2.2403361052275e+00	 4.3688550218940e+00	 5.7541486062109e+00	 9.0624443814158e-01	 3.7718674317002e+00	 4.7403193488717e+00	 7.5545447655022e+00	 3.6073404625058e+00	 2.6908090040088e+00	 6.7814754843712e+00	 3.4761063642800e+00	
 2.5851678103209e-02	 2.7595436386764e+00	 4.7878503948450e+00	 6.6659463495016e+00	 1.8711336366832e+00	 5.4038078412414e+00	 3.8636022359133e+00	 3.8554865829647e+00	 2.4396454654634e+00	 5.6966980770230e+00	 1.4604462981224e+00	 4.9745825678110e+00	 3.2691442221403e-01	 3.3118699155748e+00	 5.5678703263402e+00	
 5.3914919681847e+00	 5.1011212207377e+00	 2.7769269831479e+00	 1.4769797399640e+00	 4.8728468939662e+00	 5.0172630883753e+00	 5.8458347618580e+00	 2.6269955039024e+00	 5.9235075265169e+00	 1.6177021935582e+00	 7.3673148527741e+00	 5.4780522920191e+00	 5.2250426560640e+00	 2.0581238567829e+00	 4.2595277801156e+00	
 7.0114902406931e-01	 2.0839755386114e+00	 7.0190714187920e+00	 5.4889994189143e+00	 7.4992188811302e-01	 8.9020505547523e-01	 2.8928072601557e+00	 4.6135241240263e+00	 4.7456916384399e+00	 5.3324527256191e+00	 2.3102222010493e+00	 6.2061379402876e+00	 2.3070352934301e+00	 2.6371366269886e+00	 1.5180078558624e+00	
 7.8749056197703e+00	 2.8628595173359e-02	 6.6191290803254e+00	 2.6518326029181e+00	 1.5056083351374e+00	 3.4919759742916e+00	 7.6690956912935e+00	 7.3514431007206e+00	 6.1189714781940e+00	 5.5926032215357e+00	 9.6914529427886e-01	 5.4862863309681e+00	 3.0706555135548e+00	 6.1941879540682e+00	 7.5444101914763e+00	
 7.3301832936704e+00	 6.8953369781375e+00	 1.6283857300878e+00	 6.3492547124624e+00	 4.3843363970518e+00	 2.3783076182008e+00	 7.2394597679377e+00	 7.2771436572075e+00	 6.9918317422271e+00	 3.9851514101028e+00	 4.6095963828266e+00	 1.3020539470017e+00	 2.1912893503904e+00	 6.9166316799819e+00	 3.9391905739903e+00	
 3.7092972062528e+00	 6.7915372997522e+00	 3.9678191691637e+00	 2.3284262865782e+00	 1.4433699063957e+00	 5.4734275080264e+00	 5.8204022645950e+00	 1.1124655976892e+00	 4.8248706087470e+00	 3.9393737427890e+00	 6.7050688192248e+00	 5.7940159030259e+00	 1.4256600774825e+00	 1.7757243365049e+00	 3.9882038570940e+00	
 9.7007026895881e-01	 1.1059076301754e+00	 2.8835408352315e+00	 2.5984559990466e+00	 7.4551623463631e+00	 7.2678772322834e+00	 4.9767636172473e+00	 6.6946221143007e+00	 6.5450208894908e+00	 3.9685953594744e+00	 2.6797735244036e+00	 3.1546172760427e+00	 5.2706493064761e+00	 4.8710628747940e+00	 2.0712489560246e+00	
 1.2098398804665e+00	 5.8036008477211e-01	 8.6278625577688e-01	 5.1776590533555e+00	 2.9087863713503e+00	 2.3061561621726e+00	 2.6510865613818e+00	 7.2918863594532e-01	 3.4186217635870e+00	 7.4759571701288e+00	 4.6685623824596e+00	 2.1236905828118e+00	 5.2699730731547e+00	 6.0942224599421e+00	 3.8994149193168e+00	
 1.2581769339740e+00	 7.0642927289009e+00	 5.0053225532174e+00	 4.1417177692056e+00	 1.6627487279475e+00	 4.4604848995805e+00	 3.4095950052142e+00	 6.6395123451948e+00	 3.1551070138812e+00	 1.9546158947051e+00	 2.6081077046692e+00	 5.8348805420101e+00	 5.1092331707478e+00	 7.8787570148706e+00	 2.7059434168041e+00	
 7.1804821267724e+00	 1.0885968953371e+00	 3.2863035015762e+00	 4.3268386274576e-02	 6.2662559486926e+00	 6.1950898766518e+00	 2.3494245484471e+00	 9.1734251007438e-01	 6.9242785125971e+00	 5.7680463120341e+00	 3.9329968020320e-01	 3.5928408950567e+00	 7.8917368985713e+00	 5.6632727570832e+00	 1.6870633549988e+00	
 3.7911518178880e+00	 6.9214496910572e+00	 7.5135608389974e-01	 7.9647437110543e-01	 3.0631674602628e+00	 2.4141048118472e+00	 5.2569592706859e+00	 6.4727624654770e+00	 1.0536171570420e+00	 4.1206628829241e-01	 4.2737836390734e-01	 3.6617248654366e+00	 6.2469468303025e+00	 5.5366115346551e+00	 3.5404818803072e+00	
 9.5289024710655e-01	 4.7170936651528e+00	 4.6290787756443e+00	 4.2391937524080e+00	 4.7603620514274e+00	 2.8953347280622e+00	 2.4342836290598e+00	 7.1097865998745e+00	 3.8126772381365e+00	 1.3585621416569e+00	 4.8778329156339e+00	 4.2059769220650e+00	 4.9514030404389e+00	 4.7695698142052e+00	 1.8692496791482e+00	
 6.6384663954377e+00	 5.6072163209319e-01	 7.9069937020540e-01	 7.3898224830627e+00	 1.3571960069239e+00	 3.8538668304682e+00	 1.8039272949100e+00	 6.6141552776098e+00	 2.3266292996705e+00	 2.8575444556773e+00	 7.0262215659022e+00	 2.7540076635778e+00	 6.5192693211138e+00	 5.2731683962047e+00	 2.9061919823289e-01	
 2.0597512014210e+00	 6.2260586470366e+00	 5.0077128633857e+00	 6.6888299770653e+00	 2.4652523994446e+00	 1.7680749148130e+00	 1.5841647051275e+00	 4.8995360285044e+00	 8.7786151841283e-01	 5.3968419469893e+00	 6.2580981701612e+00	 5.7556944340467e+00	 1.6028188690543e+00	 3.2095012106001e+00	 2.5252642482519e+00	
 3.4720685482025e+00	 1.8479676097631e+00	 3.0859858803451e+00	 4.2627679184079e+00	 1.2377900928259e+00	 4.4431818872690e+00	 1.1663474887609e-01	 3.0417173877358e+00	 3.0573371686041e+00	 2.4432640485466e+00	 5.8992618434131e+00	 2.0835587345064e+00	 5.1972717121243e+00	 4.4185311645269e+00	 7.3567271344364e+00	
 5.4878909140825e+00	 6.4782823659480e+00	 5.5827857814729e+00	 2.4956037774682e+00	 5.1671123467386e+00	 4.8038180917501e-02	 4.2636786960065e+00	 6.7512770518661e+00	 4.9475742094219e+00	 5.1415402144194e+00	 4.1481189988554e+00	 3.2056723795831e+00	 2.8972346484661e+00	 5.7509378679097e+00	 6.4151735939085e+00	
 5.4224988967180e+00	 1.2230064161122e+00	 2.6314120367169e-01	 5.0848477706313e-01	 5.4857743345201e+00	 1.5009312964976e+00	 4.9516666680574e+00	 5.6024090871215e+00	 4.5426486842334e+00	 9.0038366615772e-03	 4.5673135668039e-02	 2.4419105313718e+00	 2.0925625711679e+00	 5.2429448515177e+00	 6.8604416958988e+00	
 1.4492897056043e+00	 2.7308357656002e+00	 5.3387240655720e+00	 7.0320754870772e+00	 5.2264395430684e+00	 2.5058364123106e+00	 7.0801136679947e+00	 1.4901182390749e+00	 1.2571134641767e+00	 4.0276878774166e+00	 6.6316584534943e+00	 5.4052324667573e+00	 7.2333602607250e+00	 1.5288931019604e+00	 3.1561703346670e+00	
 5.6485338546336e+00	 6.9513919986784e+00	 4.3791767545044e+00	 5.9116750583053e+00	 7.4598767794669e+00	 1.8649510890245e+00	 7.4126063548028e+00	 4.4115434475243e+00	 7.4673601761460e+00	 3.9552550390363e+00	 4.4205472841859e+00	 7.5130333155394e+00	 6.3971655704081e+00	 6.5131098553538e+00	 4.7559781670570e+00	
 5.2576072700322e+00	 7.9623995646834e+00	 7.4868139326572e+00	 2.5963313356042e+00	 6.9944750517607e+00	 4.7132534757257e+00	 5.1021677479148e+00	 6.0745887234807e+00	 6.2033717185259e+00	 6.3592812120914e+00	 2.1022766008973e+00	 4.8350301720202e+00	 3.7645136788487e+00	 1.3356368616223e+00	 6.3639232777059e+00	
 6.9206840172410e+00	 6.9841707162559e+00	 5.3153152763844e+00	 3.2998607717454e+00	 4.8958457745612e+00	 4.7751920558512e+00	 5.1648118607700e+00	 4.3084521293640e+00	 1.1867355033755e+00	 4.6321720406413e+00	 2.6370717212558e-01	 5.6072827875614e+00	 4.1452053561807e+00	 6.6608727425337e+00	 4.1203926466405e+00	
 9.0118352323771e-01	 3.9184800125659e+00	 4.0827922113240e+00	 3.8799745589495e-01	 6.5148113481700e+00	 3.0772672630847e+00	 5.1012509316206e+00	 3.6169790960848e+00	 1.1518559865654e+00	 3.3046226501465e+00	 1.9762603119016e+00	 3.2541325911880e+00	 1.3965282589197e-01	 5.7407739907503e+00	 4.5897694528103e+00	
 6.5035761035979e+00	 4.6614580079913e+00	 3.5739401727915e+00	 3.8188913799822e+00	 7.9613187797368e+00	 4.6978594735265e-01	 5.9408343955874e-01	 5.1261306442320e+00	 4.7782380804420e+00	 1.7808189429343e+00	 1.7583026848733e+00	 5.0419452525675e+00	 7.3881017342210e+00	 5.9035080410540e+00	 3.7028179951012e+00	
 3.5084943808615e+00	 6.8046915642917e+00	 7.6212980113924e+00	 7.5912865921855e+00	 7.1926890201867e+00	 6.1361093595624e+00	 2.6685538552701e+00	 4.2939399518073e+00	 1.7530884593725e+00	 3.8204098455608e+00	 7.5985626056790e+00	 3.7293487712741e+00	 7.0745424367487e+00	 7.7382154315710e+00	 1.4701227620244e+00	
15 5
 3.6643118895590e+00	 6.2417915351689e+00	 6.1315807737410e+00	 7.2382520623505e+00	 2.0606829151511e+00	
 6.0928995534778e+00	 7.7080380134284e+00	 2.6547663547099e+00	 3.2190301977098e+00	 4.4862760938704e+00	
 4.4355853013694e+00	 4.9773328825831e+00	 1.5282213464379e+00	 3.8236870355904e+00	 2.8808409236372e+00	
 5.2310393415391e+00	 7.3321814164519e+00	 1.6855324879289e+00	 4.8523373529315e+00	 6.9234680086374e+00	
 8.7822150811553e-01	 2.9884467162192e+00	 1.5920218639076e+00	 5.1721614636481e+00	 4.7415351755917e+00	
 5.4124317094684e+00	 4.7707240693271e+00	 4.7088394686580e-01	 4.4869741462171e+00	 4.5089395008981e+00	
 1.9410067088902e+00	 1.5128603950143e-01	 2.7507310360670e+00	 7.2587482631207e-02	 7.3895381018519e+00	
 4.8114139512181e+00	 6.1654870398343e+00	 7.0975761152804e+00	 7.4661803096533e+00	 1.3845172375441e+00	
 3.5838522091508e+00	 3.9017656110227e+00	 6.3618501238525e+00	 5.1120735555887e+00	 7.7254526466131e+00	
 1.2426910474896e+00	 2.3431129008532e+00	 7.0576340630651e+00	 2.9282235391438e+00	 7.1954502537847e+00	
 5.9811020717025e+00	 3.8064450472593e+00	 2.1838969700038e+00	 7.5731239356101e+00	 9.7860651090741e-01	
 6.9254321455956e+00	 4.9855556488037e+00	 5.7493305802345e+00	 7.3963160924613e+00	 1.4725297950208e+00	
 2.2582700811327e+00	 1.3373228050768e+00	 1.6238158345222e+00	 5.0090011171997e+00	 1.4099102877080e+00	
 1.0133539400995e+00	 1.8204150721431e+00	 7.5753973275423e+00	 1.1093005537987e-01	 1.2865953817964e+00	
 9.5991456881166e-01	 3.6947822682559e+00	 5.1883609928191e+00	 7.3217646926641e+00	 8.0685582384467e-01	
5 10
 4.9138136394322e+00	 5.6445574015379e-01	 3.1499687246978e+00	 3.9714477024972e+00	 3.4926792792976e+00	 2.3454189822078e+00	 1.9525497741997e+00	 7.2991243302822e+00	 4.5293159522116e+00	 1.5256737098098e+00	
 2.7773084118962e-01	 3.4547481015325e+00	 6.5112293586135e+00	 6.0270614251494e+00	 2.8510641939938e+00	 7.9837591573596e+00	 2.8533150628209e-01	 4.1883869990706e+00	 1.6075749918818e+00	 5.2943326272070e+00	
 5.5982972905040e+00	 2.6209289319813e+00	 7.1147476993501e+00	 5.1736946180463e+00	 2.7318589910865e+00	 4.0134308114648e-01	 6.1336091868579e+00	 6.4266412593424e+00	 5.5897040739655e+00	 5.4553738795221e+00	
 7.2334970831871e+00	 2.5035177133977e+00	 6.0198296234012e+00	 2.3834658116102e+00	 6.4749654158950e+00	 1.5125089026988e+00	 4.7288847938180e+00	 4.2751519009471e-01	 8.1163323298097e-01	 1.2582007460296e+00	
 1.9531888999045e+00	 1.0893640778959e+00	 4.7129488475621e+00	 4.6441826224327e-01	 7.1164255030453e+00	 7.5640130452812e+00	 4.4817741960287e-01	 7.4017570093274e+00	 3.7524000443518e+00	 2.0557524114847e+00	
10 20
 4.6960896365345e+00	 1.3506973348558e+00	 4.6766813471913e+00	 3.8108373358846e+00	 6.5243919566274e+00	 7.4085403382778e+00	 4.2121804170310e+00	 4.6580011434853e+00	 5.8351815976202e+00	 1.8018844909966e+00	 2.1133750267327e+00	 5.0686786808074e+00	 4.3054022043943e+00	 1.3320465013385e-01	 7.4521444924176e+00	 2.7803676202893e+00	 1.6457135528326e+00	 4.1810292862356e+00	 3.2078828103840e+00	 2.4573467895389e+00	
 5.4392300359905e+00	 5.1610717140138e+00	 3.5467108674347e+00	 2.1521788835526e+00	 5.6254899762571e+00	 2.6631363704801e+00	 1.7161919288337e+00	 6.0736673958600e+00	 2.0648933798075e+00	 5.4685919769108e+00	 1.2941980734468e-01	 6.7609830200672e+00	 6.8192893117666e+00	 4.8061011545360e+00	 2.5718203559518e+00	 5.3436812683940e+00	 4.2146414928138e+00	 6.7840007767081e+00	 2.0016824156046e+00	 2.0498230904341e+00	
 5.8588526770473e-01	 4.1150574423373e+00	 7.1185017749667e+00	 4.8912874758244e+00	 4.2482620924711e+00	 6.5706462673843e+00	 7.6716550961137e+00	 5.8939756453037e+00	 2.7516755573452e+00	 2.8795379102230e+00	 3.5132243484259e-01	 1.9090559333563e-01	 4.0609624236822e-02	 3.8980333022773e+00	 2.3430844768882e+00	 5.6660996004939e+00	 6.5611696727574e+00	 4.0592764094472e+00	 3.7397669963539e+00	 6.2606305629015e-01	
 1.5278683863580e+00	 3.8691868036985e+00	 7.3870460763574e+00	 3.4715769812465e-01	 6.7528796195984e-01	 1.9588664323092e+00	 5.6908389702439e+00	 4.8899294547737e+00	 7.4286720901728e-01	 7.6925213858485e+00	 6.9397525489330e+00	 1.3287524804473e+00	 3.8075788281858e+00	 6.0582543238997e+00	 6.2200399562716e+00	 5.5840920656919e-02	 4.6289005912840e+00	 5.8916950523853e+00	 5.9498165659606e+00	 7.3805761486292e+00	
 7.7123296260834e-01	 6.3011390045285e+00	 7.5714817419648e+00	 8.1184258684516e-01	 2.1991723068058e+00	 1.9145662225783e+00	 6.4779421873391e+00	 7.6034198328853e-01	 5.9738426320255e+00	 2.2177091836929e+00	 1.3864050395787e+00	 7.5017110183835e+00	 6.0868959911168e+00	 7.7345111593604e-01	 7.8488687165082e+00	 6.7621839530766e+00	 2.7323175482452e+00	 5.5397076867521e+00	 3.6521134078503e+00	 3.4751847609878e+00	
 5.2322290726006e+00	 2.5918659567833e+00	 4.8039372414351e+00	 1.0398079007864e+00	 6.5012028068304e-01	 3.0239771977067e+00	 1.0956488214433e+00	 5.2790208756924e+00	 9.1567225009203e-01	 7.0454653911293e+00	 4.6595970243216e+00	 1.6869052164257e+00	 5.3466043956578e+00	 4.2310787700117e+00	 2.4987478032708e+00	 7.5457767024636e+00	 6.1456449925900e+00	 9.7668999433517e-01	 3.0611868575215e-01	 4.1194876246154e+00	
 3.1943991780281e+00	 1.6925237253308e+00	 3.6211986429989e+00	 1.2812951691449e+00	 2.4659748412669e+00	 3.4700673595071e+00	 4.3479122221470e-02	 5.1982923932374e+00	 1.0097750499845e+00	 3.6955925337970e+00	 6.7347715422511e-01	 6.2420041225851e+00	 6.2874584905803e+00	 5.4774143956602e+00	 7.2818120270967e+00	 6.9375787749887e+00	 5.0139159336686e-01	 3.7746084854007e-01	 4.2165996506810e+00	 1.4170638434589e+00	
 7.4229262396693e+00	 8.7619667500257e-01	 3.1039690598845e+00	 4.7695306353271e+00	 5.1072754450142e+00	 5.6027168668807e+00	 4.3153073415160e+00	 3.2529204376042e+00	 6.5794068612158e+00	 4.6214260272682e+00	 7.3724080622196e+00	 1.7738060392439e+00	 6.3139497563243e+00	 2.9936067052186e+00	 3.0551012121141e+00	 7.7992459759116e-01	 6.4636740684509e+00	 3.0985803343356e+00	 5.9782169908285e+00	 7.4734491184354e+00	
 6.7941728681326e+00	 6.6516941450536e+00	 5.7154532410204e+00	 5.0816313624382e+00	 4.1291085407138e+00	 4.9972652681172e+00	 4.0192101374269e+00	 4.6305001340806e+00	 5.3747261203825e+00	 2.3580978810787e-01	 6.0475639812648e+00	 4.7976523600519e+00	 1.1120064631104e+00	 1.1515330411494e+00	 1.5671829991043e+00	 6.2192819118500e+00	 6.7542499080300e+00	 5.8824903406203e+00	 1.4722023494542e+00	 5.3336567692459e+00	
 2.5039163678885e+00	 8.4461041539907e-01	 7.1074628122151e+00	 8.1786612421274e-01	 3.8382171206176e+00	 2.1625640243292e+00	 1.5977907255292e+00	 2.3018911890686e+00	 5.2611443586648e+00	 7.5760077163577e+00	 1.7753403075039e+00	 4.0553172305226e+00	 6.2277018651366e+00	 7.4907935522497e+00	 1.1369485929608e+00	 2.3568104058504e+00	 4.4880588203669e+00	 5.1561587303877e+00	 6.9873105436563e+00	 1.8627849407494e+00	
20 2
 5.3919685184956e+00	 5.0348745249212e+00	
 6.6604373045266e+00	 6.5039749816060e+00	
 6.1864075660706e+00	 2.2762030363083e-01	
 4.7232568934560e+00	 4.9406574778259e+00	
 6.1101106442511e+00	 6.1954592466354e+00	
 2.2743142470717e+00	 6.1402701213956e-01	
 7.0400696620345e+00	 1.3817770592868e+00	
 1.4318931400776e+00	 2.8782867826521e+00	
 3.5443410836160e+00	 3.0296838656068e+00	
 5.1801779754460e+00	 8.0548544600606e-01	
 2.6056915819645e+00	 6.9555182829499e+00	
 4.8608026765287e+00	 8.3339344710112e-01	
 6.4463118351996e+00	 5.9977512694895e+00	
 3.1902038566768e+00	 2.9343706592917e+00	
 3.1539099998772e+00	 2.1775144003332e+00	
 4.7971556000412e+00	 5.4587851837277e-01	
 7.2123889252543e+00	 3.4575929045677e+00	
 7.0498534999788e+00	 5.3987964913249e+00	
 3.6852132081985e+00	 3.7731103971601e+00	
 2.3394539691508e+00	 1.7953238524497e+00	
2 2
 5.3919685184956e+00     5.0348745249212e+00
 6.6604373045266e+00     6.5039749816060e+00
